1716600424
1716600424
1716600424
1716600424
1716600424
1716600424
1716600424
1716600424
1716600424
1716600424
1716600424
1716600424
1716600424
1716600424
1716600424
1716600424
1716600424
1716600424
1716600424
1716600424
1716600424
1716600424
1716600424
1716600424
1716600424
1716600424
1716600424
1716600424
1716600424
1716600424
1716600424
1716600424
1716600424
1716600424
1716600424
1716600424
1716600424
1716600424
1716600424
1716600424
1716600424
1716600424
1716600424
1716600424
1716600424
1716600424
1716600424
1716600424
1716600424
1716600424
1716600424
1716600424
1716600424
1716600424
1716600424
1716600425
1716600425
1716600425
1716600425
1716600425
1716600425
1716600425
1716600425
1716600425
1716600425
1716600425
1716600425
1716600425
1716600425
1716600425
1716600425
1716600425
1716600425
1716600425
1716600425
1716600425
1716600425
1716600425
1716600425
1716600425
1716600425
1716600425
1716600425
1716600425
1716600425
1716600425
1716600425
1716600425
1716600425
1716600425
1716600425
1716600425
1716600425
1716600425
1716600425
1716600425
1716600425
1716600425
1716600425
1716600425
1716600557
1716600849
1716601138
1716601428
1716601719
1716602008
1716602297
1716602588
1716602877
1716603167
1716603456
1716603864
1716604280
1716604693
1716605108
1716605518
1716605930
1716606348
1716606758
1716607171
1716607587
1716608065
1716608544
1716609021
1716609500
1716609974
1716610455
1716610934
1716611410
1716611884
1716612368
1716612905
1716613443
1716613972
1716614511
1716615043
1716615579
1716616113
1716616649
1716617183
1716617716
1716618308
1716618899
1716619486
1716620076
1716620666
1716621258
1716621851
1716622439
1716623032
1716623617
1716624258
1716624902
1716625541
1716626184
1716626831
1716627478
1716628115
1716628761
1716629406
1716630050
1716630748
1716631444
1716632130
1716632842
1716633535
1716634238
1716634930
1716635624
1716636320
1716637027
1716637758
1716638482
1716639217
1716639948
1716640685
1716641412
1716642139
1716642869
1716643601
1716644336
1716645102
1716645871
1716646646
1716647413
1716648185
1716648962
1716649729
1716650494
1716651268
1716652040
1716652847
1716653660
1716654471
1716655281
1716656092
1716656907
1716657714
1716658528
1716659339
